514-515
284-284
296-299
283-284
343-349
518-519
203-203
519-519
210-210
282-283
282-282
146-148
542-542
285-285
181-187
191-193
529-530
304-310
5-5
121-121
288-289
31-34
355-356
210-210
31-38
57-58
63-64
4-5
50-52
530-532
265-269
496-496
525-527
234-238
519-520
384-389
317-320
503-507
463-469
43-49
6-7
111-117
7-7
84-90
11-18
313-320
193-196
530-531
553-562
459-459
53-54
404-408
520-521
2-3
286-286
528-529
301-307
507-511
260-260
101-106
544-552
283-283
288-289
131-137
352-353
520-520
415-415
395-397
94-99
205-206
58-59
519-520
516-516
238-238
206-207
518-519
82-84
23-28
484-489
544-544
340-340
444-451
294-296
176-178
192-195
404-408
423-430
438-440
516-516
289-289
515-516
56-58
523-524
432-440
73-78
203-203
252-260
415-418
225-227
536-542
208-208
328-328
163-163
242-250
496-498
353-355
207-208
1-1
360-361
173-176
181-188
206-207
101-101
222-229
142-146
354-355
46-49
358-360
1-2
0-0
52-53
526-528
284-284
198-200
206-206
553-559
213-217
336-340
121-129
356-358
362-368
51-52
163-167
375-379
372-375
283-283
444-451
3-4
154-157
517-518
426-429
284-285
111-117
272-277
392-400
137-137
247-250
466-471
285-286
282-283
2-3
524-525
197-199
54-55
456-459
474-476
14-16
92-97
283-284
55-56
282-283
287-287
64-69
206-206
384-384
525-526
476-480
78-78
286-286
325-328
343-346
154-154
283-283
215-220
517-518
265-269
195-197
357-359

278
132
308
33
405
485
313
260
88
172
458
326
441
15
532
264
462
31
376
296
214
391
397
209
396
492
74
235
393
354
29
331
200
184
73
119
27
273
298
299
505
465
114
59
385
80
164
449
331
329
28
241
70
100
320
240
71
409
213
193
454
373
107
484
384
87
287
245
346
268
161
263
399
480
528
140
72
324
232
287
119
63
47
128
145
545
551
324
142
138
29
285
544
278
431
274
482
532
230
277
542
110
406
392
373
28
555
288
233
535
202
274
445
562
484
397
51
221
430
292
148
541
230
394
258
168
306
41
263
555
254
414
24
105
51
129
374
447
223
467
107
503
419
223
254
140
361
52
134
454
513
143
301
112
78
70
113
473
461
357
464
169
381
78
74
294
539
374
211
457
322
393
189
482
119
506
134
174
314
234
526
405
552
487
543
245
138
124
561
129
177
241
550
219
462
274
364
278
340
350
331
100
141
351
262
386
53
379
491
249
64
184
89
544
274
153
435
173
59
148
444
475
507
100
47
288
8
128
478
31
1
147
8
10
449
202
468
341
330
119
157
517
83
211
403
52
141
209
288
278
161
193
385
308
200
307
112
407
347
277
1
181
87
108
409
7
331
55
135
255
404
252
502
376
447
257
252
223
99
289
87
291
250
305
457
499
414
115
323
53
164
184
404
546
34
517
318
57
185
123
275
505
238
150
60
509
143
532
321
78
319
374
329
546
518
265
282
556
408
550
387
392
108
541
372
179
130
29
329
446
127
17
159
393
481
382
423
303
365
209
247
264
135
473
42
284
459
29
92
31
185
98
327
339
351
503
451
198
206
323
402
333
98
501
94
325
130
415
431
551
47
245
110
249
374
325
295
365
22
56
322
328
393
486
384
434
209
35
30
329
95
369
408
463
352
515
509
289
284
128
11
134
318
257
104
89
296
272
403
208
306
120
361
248
314
561
365
20
248
200
6
10
64
55
549
321
302
533
147
531
482
369
517
30
7
82
462
179
123
216
46
463
273
491
448
196
252
442
524
390
129
5
257
239
120
274
228
80
382
529
459
264
75
82
342
28
60
276
351
562
297
499
324
392
35
183
424
271
158
471
97
40
371
114
219
250
376
60
463
34
345
211
169
192
100
111
452
245
418
147
33
473
136
105
487
513
264
176
268
119
51
364
131
344
418
136
548
344
295
155
265
110
475
528
206
320
32
445
280
431
46
38
281
273
449
94
175
21
9
172
193
19
285
135
480
552
261
144
138
460
84
174
404
231
411
172
394
163
53
266
390
83
396
278
191
266
492
316
343
210
233
76
29
556
257
248
222
84
35
260
182
36
307
163
435
318
103
312
98
489
399
365
6
393
383
148
52
296
80
269
55
495
561
338
156
409
484
192
481
264
353
96
493
142
510
213
451
287
35
423
88
0
366
93
108
484
548
529
463
300
533
134
97
140
445
123
216
119
221
184
179
272
170
271
197
420
414
250
420
61
48
377
172
368
243
116
481
128
247
425
286
361
332
371
359
293
370
402
164
245
26
546
54
198
348
184
539
84
258
209
410
161
357
177
79
4
402
362
478
473
82
524
511
57
73
349
486
323
532
50
10
555
179
295
281
319
209
252
220
123
249
142
394
197
548
266
139
466
312
458
445
24
362
460
111
506
532
187
278
202
266
88
561
76
187
357
166
188
482
391
520
0
339
495
516
131
481
295
120
165
529
277
269
159
455
188
350
557
123
151
477
62
234
430
405
464
197
291
226
212
554
299
407
420
296
58
121
180
260
498
297
313
456
294
449
312
216
549
491
385
203
180
432
210
388
496
345
445
492
321
272
533
6
255
281
329
81
516
473
312
428
302
442
53
559
335
335
128
539
5
368
72
192
495
244
204
333
460
229
391
110
299
457
307
442
302
386
262
372
279
13
506
131
464
411
120
423
405
534
437
219
228
515
488
269
371
130
287
461
60
60
99
309
510
547
294
310
443
225
204
157
522
108
42
91
541
379
555
132
20
285
75
238
420
334
113
28
194
57
544
436
482
451
395
121
409
154
224
459
142
282
242
17
312
509
336
420
166
554
442
112
518
167
11
313
266
489
539
40
466
293
472
441
421
398
339
225
71
119
261
486
225
473
239
435
317
361
79
459
438
220
474
318
480
270
119
348
122
464
416
420
324
533
300
112
376
26
234
330
227
432
34
437
217
75
538
119
465
239
528
470
457
145
72
106
216
457
224
75
365
122
52
546
542
324
63
243
102
462
292
562
58
138
322
42
291
285
174
366
14
